8.2500
8.7500
9.2500
9.5000
9.7500
10.000
10.250
10.750
11.000
11.050
11.150
11.300
11.450
11.500
11.550
11.800
12.000
12.050
12.150
12.200
12.350
12.500
12.650
12.800
12.850
12.900
12.950
13.000
13.100
13.200
13.300
13.400
13.450
13.500
13.550
13.650
13.750
13.850
13.900
13.950
14.000
14.100
14.200
14.250
14.300
14.350
14.400
14.450
14.500
14.600
14.700
14.750
14.850
14.900
14.950
15.000
15.050
15.100
15.150
15.200
15.250
15.300
15.350
15.400
15.450
15.500
15.550
15.650
15.700
15.750
15.800
15.850
15.900
15.950
16.000
16.050
16.150
16.200
16.300
16.400
16.450
16.500
16.550
16.600
16.650
16.700
16.750
16.850
16.900
16.950
17.000
17.050
17.150
17.200
17.250
17.300
17.350
17.450
17.500
17.550
17.600
17.650
17.700
17.750
17.850
17.950
18.000
18.050
18.150
18.200
18.250
18.400
18.500
18.550
18.600
18.700
18.900
19.000
19.100
19.200
19.300
19.400
19.450
19.500
19.550
19.600
19.750
20.000
20.100
20.300
20.500
20.600
20.850
21.000
21.350
21.750
21.950
22.150
22.200
22.850
23.600
24.150
24.700
