69.000
71.000
74.000
77.000
78.500
79.000
79.500
80.500
82.000
84.000
85.000
85.500
86.000
87.000
88.500
89.000
89.500
90.000
90.500
91.000
93.500
96.500
97.000
97.500
98.000
99.000
100.50
102.50
104.50
105.00
106.00
107.00
107.50
108.00
109.00
111.00
112.00
112.50
113.00
113.50
114.50
115.50
116.00
117.50
119.00
119.50
120.00
120.50
121.00
121.50
122.00
126.00
130.50
132.50
134.00
134.50
135.00
137.50
140.00
140.50
142.50
144.50
145.50
146.00
148.50
151.00
153.00
155.50
156.00
159.50
163.00
165.50
169.50
172.00
177.00
182.00
190.50
198.00
198.50
199.50
200.00
212.50
225.00
228.00
231.00
231.50
232.00
241.00
250.00
254.00
258.00
259.00
260.00
261.00
262.00
264.50
284.50
302.00
303.00
304.00
304.50
305.00
306.00
307.00
312.50
318.00
329.00
345.00
350.00
350.50
351.00
355.50
360.00
371.50
383.00
391.50
400.00
414.50
429.00
434.50
440.00
447.00
454.50
455.00
