0.0000
23.000
46.000
47.000
48.000
48.500
50.500
52.000
53.000
56.000
59.000
60.000
60.500
61.500
62.500
63.000
63.500
64.500
65.000
65.500
66.500
67.000
67.500
68.000
68.500
69.000
69.500
70.000
70.500
71.000
71.500
72.000
73.000
74.000
74.500
75.000
75.500
76.000
76.500
77.500
78.000
78.500
79.000
79.500
80.000
80.500
81.000
81.500
82.500
83.000
83.500
84.000
84.500
85.000
85.500
86.000
86.500
87.000
87.500
88.000
88.500
89.500
90.000
90.500
91.500
92.000
92.500
93.500
94.500
95.000
95.500
96.000
96.500
97.000
97.500
98.000
99.000
100.00
101.00
102.50
104.00
105.00
106.00
107.50
109.00
110.00
111.00
112.00
112.50
114.00
115.00
117.50
120.00
121.00
123.50
125.00
127.00
129.50
130.00
131.50
134.00
137.00
139.00
139.50
140.00
141.00
143.50
145.00
147.00
149.50
150.00
151.50
153.00
154.00
155.00
157.50
160.00
162.50
165.00
166.00
168.50
170.00
172.50
175.00
177.50
180.00
185.00
190.00
194.00
199.00
204.00
209.00
212.50
215.00
217.50
222.50
225.00
227.50
