1631.0
1704.5
1780.0
1812.5
1825.0
1829.5
1834.5
1851.0
1871.0
1895.0
1920.0
1931.0
1937.0
1938.5
1942.5
1947.5
1950.0
1952.5
1959.0
1964.0
1966.5
1969.0
1972.5
1977.5
1982.5
1985.0
1987.5
1990.0
1992.5
1997.5
2001.5
2011.0
2022.0
2030.0
2040.0
2045.0
2045.5
2048.0
2057.5
2067.5
2072.0
2074.5
2080.0
2092.5
2104.0
2109.0
2110.0
2115.0
2121.5
2124.0
2125.0
2127.5
2130.0
2132.5
2139.5
2144.5
2147.5
2152.5
2155.0
2156.5
2159.0
2162.0
2164.0
2167.5
2179.5
2188.5
2189.5
2195.0
2201.0
2203.5
2210.0
2217.5
2220.0
2221.5
2224.5
2227.0
2229.0
2232.0
2239.5
2249.5
2254.5
2259.5
2264.5
2265.0
2272.0
2283.5
2289.0
2292.5
2297.5
2300.0
2310.0
2325.0
2332.5
2352.5
2371.0
2373.5
2377.0
2379.5
2382.5
2388.0
2393.0
2398.0
2404.5
2408.0
2419.0
2432.0
2442.5
2461.5
2480.5
2489.5
2495.0
2503.0
2508.5
2526.5
2542.0
2549.0
2558.0
2566.0
2573.5
2578.5
2583.5
2586.0
2589.5
2596.0
2602.5
2610.0
2620.0
2629.5
2634.5
2635.0
2637.0
2639.5
2644.0
2654.0
2662.5
2667.5
2670.0
2670.5
2671.5
2675.0
2686.0
2697.0
2701.0
2706.5
2715.5
2720.0
2730.0
2742.5
2750.0
2772.0
2789.5
2792.5
2797.5
2803.5
2811.0
2822.5
2832.5
2845.0
2860.0
2866.5
2869.0
2880.0
2897.0
2904.5
2909.5
2922.0
2930.0
2931.5
2939.0
2945.0
2947.5
2950.0
2956.0
2970.5
2981.5
2987.0
2996.5
3007.5
3013.5
3018.0
3028.0
3037.0
3049.5
3065.0
3077.5
3085.5
3094.0
3120.5
3139.5
3145.0
3152.5
3156.5
3159.0
3175.0
3191.5
3199.0
3207.5
3210.5
3216.0
3227.0
3239.0
3247.5
3257.0
3271.0
3283.0
3295.0
3315.5
3341.0
3356.5
3362.5
3382.0
3404.5
3410.0
3412.5
3417.5
3422.5
3427.5
3431.0
3432.5
3434.5
3440.5
3447.0
3454.0
3492.0
3527.5
3532.5
3549.0
3566.5
3572.0
3589.5
3607.0
3619.5
3637.5
3648.0
3657.5
3668.0
3672.0
3682.5
3709.0
3725.0
3727.5
3732.5
3745.0
3758.0
3769.0
3779.0
3800.5
3820.5
3825.5
3835.0
3855.0
3881.0
3894.5
3898.5
3903.5
3923.5
3940.0
3951.0
3975.0
4021.0
4054.5
4057.5
4068.5
4079.5
4089.0
4097.0
4099.0
4114.5
4132.0
4137.5
4140.5
4147.5
4159.5
4177.5
4199.5
4212.0
4217.5
4228.5
4247.0
4265.5
4276.0
4286.0
4294.5
4303.5
4318.5
4330.0
4338.0
4347.5
4357.0
4368.0
4378.0
4381.0
4383.5
4403.5
4423.5
4440.5
4456.5
4460.5
4481.0
4498.5
4500.5
4558.5
4624.0
4635.5
4646.0
4661.0
4683.5
4717.0
4740.5
4826.0
4928.5
4953.0
4976.0
5068.5
